0 0 1
1.5 0 1
200 0 1
201.5 0 1
400 0 1
401.5 0 1
600 0 1
601.5 0 1
800 0 1
801.5 0 1
1000 0 1
1001.5 0 1
1200 0 1
1201.5 0 1
1400 0 1
1401.5 0 1
1600 0 1
1601.5 0 1
1800 0 1
1801.5 0 1
2000 0 1
2001.5 0 1
2200 0 1
2201.5 0 1
2400 0 1
2401.5 0 1
2600 0 1
2601.5 0 1
2800 0 1
2801.5 0 1
3000 0 1
3001.5 0 1
3200 0 1
3201.5 0 1
3400 0 1
3401.5 0 1
3600 0 1
3601.5 0 1
3800 0 1
3801.5 0 1
4000 0 1
4001.5 0 1
4200 0 1
4201.5 0 1
4400 0 1
4401.5 0 1
4600 0 1
4601.5 0 1
4800 0 1
4801.5 0 1
5000 0 1
5001.5 0 1
5200 0 1
5201.5 0 1
5400 0 1
5401.5 0 1
5600 0 1
5601.5 0 1
5800 0 1
5801.5 0 1
6000 0 1
6001.5 0 1
6200 0 1
6201.5 0 1
6400 0 1
6401.5 0 1
6600 0 1
6601.5 0 1
6800 0 1
6801.5 0 1
7000 0 1
7001.5 0 1
7200 0 1
7201.5 0 1
7400 0 1
7401.5 0 1
7600 0 1
7601.5 0 1
7800 0 1
7801.5 0 1
8000 0 1
8001.5 0 1
8200 0 1
8201.5 0 1
0 5000 0.05
2 5000 0.05
4 5000 0.05
6 5000 0.05
8 5000 0.05
10 5000 0.05
12 5000 0.05
14 5000 0.05
16 5000 0.05
18 5000 0.05
20 5000 0.05
22 5000 0.05
24 5000 0.05
26 5000 0.05
28 5000 0.05
30 5000 0.05
32 5000 0.05
34 5000 0.05
36 5000 0.05
38 5000 0.05
40 5000 0.05
42 5000 0.05
44 5000 0.05
46 5000 0.05
48 5000 0.05
50 5000 0.05
52 5000 0.05
54 5000 0.05
56 5000 0.05
58 5000 0.05
60 5000 0.05
62 5000 0.05
64 5000 0.05
66 5000 0.05
68 5000 0.05
70 5000 0.05
72 5000 0.05
74 5000 0.05
76 5000 0.05
78 5000 0.05
80 5000 0.05
82 5000 0.05
84 5000 0.05
86 5000 0.05
88 5000 0.05
90 5000 0.05
92 5000 0.05
94 5000 0.05
96 5000 0.05
98 5000 0.05
100 5000 0.05
102 5000 0.05
104 5000 0.05
106 5000 0.05
108 5000 0.05
110 5000 0.05
112 5000 0.05
114 5000 0.05
116 5000 0.05
118 5000 0.05
120 5000 0.05
122 5000 0.05
124 5000 0.05
126 5000 0.05
128 5000 0.05
130 5000 0.05
132 5000 0.05
134 5000 0.05
136 5000 0.05
138 5000 0.05
140 5000 0.05
142 5000 0.05
144 5000 0.05
146 5000 0.05
148 5000 0.05
150 5000 0.05
152 5000 0.05
154 5000 0.05
156 5000 0.05
158 5000 0.05
160 5000 0.05
162 5000 0.05
164 5000 0.05
166 5000 0.05
168 5000 0.05
170 5000 0.05
172 5000 0.05
174 5000 0.05
176 5000 0.05
178 5000 0.05
180 5000 0.05
182 5000 0.05
184 5000 0.05
186 5000 0.05
188 5000 0.05
190 5000 0.05
192 5000 0.05
194 5000 0.05
196 5000 0.05
198 5000 0.05
200 5000 0.05
202 5000 0.05
204 5000 0.05
206 5000 0.05
208 5000 0.05
210 5000 0.05
212 5000 0.05
214 5000 0.05
216 5000 0.05
218 5000 0.05
220 5000 0.05
222 5000 0.05
224 5000 0.05
226 5000 0.05
228 5000 0.05
230 5000 0.05
232 5000 0.05
234 5000 0.05
236 5000 0.05
238 5000 0.05
240 5000 0.05
242 5000 0.05
244 5000 0.05
246 5000 0.05
248 5000 0.05
250 5000 0.05
252 5000 0.05
254 5000 0.05
256 5000 0.05
258 5000 0.05
260 5000 0.05
262 5000 0.05
264 5000 0.05
266 5000 0.05
268 5000 0.05
270 5000 0.05
272 5000 0.05
274 5000 0.05
276 5000 0.05
278 5000 0.05
280 5000 0.05
282 5000 0.05
284 5000 0.05
286 5000 0.05
288 5000 0.05
290 5000 0.05
292 5000 0.05
294 5000 0.05
296 5000 0.05
298 5000 0.05
300 5000 0.05
302 5000 0.05
304 5000 0.05
306 5000 0.05
308 5000 0.05
310 5000 0.05
312 5000 0.05
314 5000 0.05
316 5000 0.05
318 5000 0.05
320 5000 0.05
322 5000 0.05
324 5000 0.05
326 5000 0.05
328 5000 0.05
330 5000 0.05
332 5000 0.05
334 5000 0.05
336 5000 0.05
338 5000 0.05
340 5000 0.05
342 5000 0.05
344 5000 0.05
346 5000 0.05
348 5000 0.05
350 5000 0.05
352 5000 0.05
354 5000 0.05
356 5000 0.05
358 5000 0.05
360 5000 0.05
362 5000 0.05
364 5000 0.05
366 5000 0.05
368 5000 0.05
370 5000 0.05
372 5000 0.05
374 5000 0.05
376 5000 0.05
378 5000 0.05
380 5000 0.05
382 5000 0.05
384 5000 0.05
386 5000 0.05
388 5000 0.05
390 5000 0.05
392 5000 0.05
394 5000 0.05
396 5000 0.05
398 5000 0.05
0 5002 0.05
2 5002 0.05
4 5002 0.05
6 5002 0.05
8 5002 0.05
10 5002 0.05
12 5002 0.05
14 5002 0.05
16 5002 0.05
18 5002 0.05
20 5002 0.05
22 5002 0.05
24 5002 0.05
26 5002 0.05
28 5002 0.05
30 5002 0.05
32 5002 0.05
34 5002 0.05
36 5002 0.05
38 5002 0.05
40 5002 0.05
42 5002 0.05
44 5002 0.05
46 5002 0.05
48 5002 0.05
50 5002 0.05
52 5002 0.05
54 5002 0.05
56 5002 0.05
58 5002 0.05
60 5002 0.05
62 5002 0.05
64 5002 0.05
66 5002 0.05
68 5002 0.05
70 5002 0.05
72 5002 0.05
74 5002 0.05
76 5002 0.05
78 5002 0.05
80 5002 0.05
82 5002 0.05
84 5002 0.05
86 5002 0.05
88 5002 0.05
90 5002 0.05
92 5002 0.05
94 5002 0.05
96 5002 0.05
98 5002 0.05
100 5002 0.05
102 5002 0.05
104 5002 0.05
106 5002 0.05
108 5002 0.05
110 5002 0.05
112 5002 0.05
114 5002 0.05
116 5002 0.05
118 5002 0.05
120 5002 0.05
122 5002 0.05
124 5002 0.05
126 5002 0.05
128 5002 0.05
130 5002 0.05
132 5002 0.05
134 5002 0.05
136 5002 0.05
138 5002 0.05
140 5002 0.05
142 5002 0.05
144 5002 0.05
146 5002 0.05
148 5002 0.05
150 5002 0.05
152 5002 0.05
154 5002 0.05
156 5002 0.05
158 5002 0.05
160 5002 0.05
162 5002 0.05
164 5002 0.05
166 5002 0.05
168 5002 0.05
170 5002 0.05
172 5002 0.05
174 5002 0.05
176 5002 0.05
178 5002 0.05
180 5002 0.05
182 5002 0.05
184 5002 0.05
186 5002 0.05
188 5002 0.05
190 5002 0.05
192 5002 0.05
194 5002 0.05
196 5002 0.05
198 5002 0.05
200 5002 0.05
202 5002 0.05
204 5002 0.05
206 5002 0.05
208 5002 0.05
210 5002 0.05
212 5002 0.05
214 5002 0.05
216 5002 0.05
218 5002 0.05
220 5002 0.05
222 5002 0.05
224 5002 0.05
226 5002 0.05
228 5002 0.05
230 5002 0.05
232 5002 0.05
234 5002 0.05
236 5002 0.05
238 5002 0.05
240 5002 0.05
242 5002 0.05
244 5002 0.05
246 5002 0.05
248 5002 0.05
250 5002 0.05
252 5002 0.05
254 5002 0.05
256 5002 0.05
258 5002 0.05
260 5002 0.05
262 5002 0.05
264 5002 0.05
266 5002 0.05
268 5002 0.05
270 5002 0.05
272 5002 0.05
274 5002 0.05
276 5002 0.05
278 5002 0.05
280 5002 0.05
282 5002 0.05
284 5002 0.05
286 5002 0.05
288 5002 0.05
290 5002 0.05
292 5002 0.05
294 5002 0.05
296 5002 0.05
298 5002 0.05
300 5002 0.05
302 5002 0.05
304 5002 0.05
306 5002 0.05
308 5002 0.05
310 5002 0.05
312 5002 0.05
314 5002 0.05
316 5002 0.05
318 5002 0.05
320 5002 0.05
322 5002 0.05
324 5002 0.05
326 5002 0.05
328 5002 0.05
330 5002 0.05
332 5002 0.05
334 5002 0.05
336 5002 0.05
338 5002 0.05
340 5002 0.05
342 5002 0.05
344 5002 0.05
346 5002 0.05
348 5002 0.05
350 5002 0.05
352 5002 0.05
354 5002 0.05
356 5002 0.05
358 5002 0.05
360 5002 0.05
362 5002 0.05
364 5002 0.05
366 5002 0.05
368 5002 0.05
370 5002 0.05
372 5002 0.05
374 5002 0.05
376 5002 0.05
378 5002 0.05
380 5002 0.05
382 5002 0.05
384 5002 0.05
386 5002 0.05
388 5002 0.05
390 5002 0.05
392 5002 0.05
394 5002 0.05
396 5002 0.05
398 5002 0.05
0 5004 0.05
2 5004 0.05
4 5004 0.05
6 5004 0.05
8 5004 0.05
10 5004 0.05
12 5004 0.05
14 5004 0.05
16 5004 0.05
18 5004 0.05
20 5004 0.05
22 5004 0.05
24 5004 0.05
26 5004 0.05
28 5004 0.05
30 5004 0.05
32 5004 0.05
34 5004 0.05
36 5004 0.05
38 5004 0.05
40 5004 0.05
42 5004 0.05
44 5004 0.05
46 5004 0.05
48 5004 0.05
50 5004 0.05
52 5004 0.05
54 5004 0.05
56 5004 0.05
58 5004 0.05
60 5004 0.05
62 5004 0.05
64 5004 0.05
66 5004 0.05
68 5004 0.05
70 5004 0.05
72 5004 0.05
74 5004 0.05
76 5004 0.05
78 5004 0.05
80 5004 0.05
82 5004 0.05
84 5004 0.05
86 5004 0.05
88 5004 0.05
90 5004 0.05
92 5004 0.05
94 5004 0.05
96 5004 0.05
98 5004 0.05
100 5004 0.05
102 5004 0.05
104 5004 0.05
106 5004 0.05
108 5004 0.05
110 5004 0.05
112 5004 0.05
114 5004 0.05
116 5004 0.05
118 5004 0.05
120 5004 0.05
122 5004 0.05
124 5004 0.05
126 5004 0.05
128 5004 0.05
130 5004 0.05
132 5004 0.05
134 5004 0.05
136 5004 0.05
138 5004 0.05
140 5004 0.05
142 5004 0.05
144 5004 0.05
146 5004 0.05
148 5004 0.05
150 5004 0.05
152 5004 0.05
154 5004 0.05
156 5004 0.05
158 5004 0.05
160 5004 0.05
162 5004 0.05
164 5004 0.05
166 5004 0.05
168 5004 0.05
170 5004 0.05
172 5004 0.05
174 5004 0.05
176 5004 0.05
178 5004 0.05
180 5004 0.05
182 5004 0.05
184 5004 0.05
186 5004 0.05
188 5004 0.05
190 5004 0.05
192 5004 0.05
194 5004 0.05
196 5004 0.05
198 5004 0.05
200 5004 0.05
202 5004 0.05
204 5004 0.05
206 5004 0.05
208 5004 0.05
210 5004 0.05
212 5004 0.05
214 5004 0.05
216 5004 0.05
218 5004 0.05
220 5004 0.05
222 5004 0.05
224 5004 0.05
226 5004 0.05
228 5004 0.05
230 5004 0.05
232 5004 0.05
234 5004 0.05
236 5004 0.05
238 5004 0.05
240 5004 0.05
242 5004 0.05
244 5004 0.05
246 5004 0.05
248 5004 0.05
250 5004 0.05
252 5004 0.05
254 5004 0.05
256 5004 0.05
258 5004 0.05
260 5004 0.05
262 5004 0.05
264 5004 0.05
266 5004 0.05
268 5004 0.05
270 5004 0.05
272 5004 0.05
274 5004 0.05
276 5004 0.05
278 5004 0.05
280 5004 0.05
282 5004 0.05
284 5004 0.05
286 5004 0.05
288 5004 0.05
290 5004 0.05
292 5004 0.05
294 5004 0.05
296 5004 0.05
298 5004 0.05
300 5004 0.05
302 5004 0.05
304 5004 0.05
306 5004 0.05
308 5004 0.05
310 5004 0.05
312 5004 0.05
314 5004 0.05
316 5004 0.05
318 5004 0.05
320 5004 0.05
322 5004 0.05
324 5004 0.05
326 5004 0.05
328 5004 0.05
330 5004 0.05
332 5004 0.05
334 5004 0.05
336 5004 0.05
338 5004 0.05
340 5004 0.05
342 5004 0.05
344 5004 0.05
346 5004 0.05
348 5004 0.05
350 5004 0.05
352 5004 0.05
354 5004 0.05
356 5004 0.05
358 5004 0.05
360 5004 0.05
362 5004 0.05
364 5004 0.05
366 5004 0.05
368 5004 0.05
370 5004 0.05
372 5004 0.05
374 5004 0.05
376 5004 0.05
378 5004 0.05
380 5004 0.05
382 5004 0.05
384 5004 0.05
386 5004 0.05
388 5004 0.05
390 5004 0.05
392 5004 0.05
394 5004 0.05
396 5004 0.05
398 5004 0.05
0 5006 0.05
2 5006 0.05
4 5006 0.05
6 5006 0.05
8 5006 0.05
10 5006 0.05
12 5006 0.05
14 5006 0.05
16 5006 0.05
18 5006 0.05
20 5006 0.05
22 5006 0.05
24 5006 0.05
26 5006 0.05
28 5006 0.05
30 5006 0.05
32 5006 0.05
34 5006 0.05
36 5006 0.05
38 5006 0.05
40 5006 0.05
42 5006 0.05
44 5006 0.05
46 5006 0.05
48 5006 0.05
50 5006 0.05
52 5006 0.05
54 5006 0.05
56 5006 0.05
58 5006 0.05
60 5006 0.05
62 5006 0.05
64 5006 0.05
66 5006 0.05
68 5006 0.05
70 5006 0.05
72 5006 0.05
74 5006 0.05
76 5006 0.05
78 5006 0.05
80 5006 0.05
82 5006 0.05
84 5006 0.05
86 5006 0.05
88 5006 0.05
90 5006 0.05
92 5006 0.05
94 5006 0.05
96 5006 0.05
98 5006 0.05
100 5006 0.05
102 5006 0.05
104 5006 0.05
106 5006 0.05
108 5006 0.05
110 5006 0.05
112 5006 0.05
114 5006 0.05
116 5006 0.05
118 5006 0.05
120 5006 0.05
122 5006 0.05
124 5006 0.05
126 5006 0.05
128 5006 0.05
130 5006 0.05
132 5006 0.05
134 5006 0.05
136 5006 0.05
138 5006 0.05
140 5006 0.05
142 5006 0.05
144 5006 0.05
146 5006 0.05
148 5006 0.05
150 5006 0.05
152 5006 0.05
154 5006 0.05
156 5006 0.05
158 5006 0.05
160 5006 0.05
162 5006 0.05
164 5006 0.05
166 5006 0.05
168 5006 0.05
170 5006 0.05
172 5006 0.05
174 5006 0.05
176 5006 0.05
178 5006 0.05
180 5006 0.05
182 5006 0.05
184 5006 0.05
186 5006 0.05
188 5006 0.05
190 5006 0.05
192 5006 0.05
194 5006 0.05
196 5006 0.05
198 5006 0.05
200 5006 0.05
202 5006 0.05
204 5006 0.05
206 5006 0.05
208 5006 0.05
210 5006 0.05
212 5006 0.05
214 5006 0.05
216 5006 0.05
218 5006 0.05
220 5006 0.05
222 5006 0.05
224 5006 0.05
226 5006 0.05
228 5006 0.05
230 5006 0.05
232 5006 0.05
234 5006 0.05
236 5006 0.05
238 5006 0.05
240 5006 0.05
242 5006 0.05
244 5006 0.05
246 5006 0.05
248 5006 0.05
250 5006 0.05
252 5006 0.05
254 5006 0.05
256 5006 0.05
258 5006 0.05
260 5006 0.05
262 5006 0.05
264 5006 0.05
266 5006 0.05
268 5006 0.05
270 5006 0.05
272 5006 0.05
274 5006 0.05
276 5006 0.05
278 5006 0.05
280 5006 0.05
282 5006 0.05
284 5006 0.05
286 5006 0.05
288 5006 0.05
290 5006 0.05
292 5006 0.05
294 5006 0.05
296 5006 0.05
298 5006 0.05
300 5006 0.05
302 5006 0.05
304 5006 0.05
306 5006 0.05
308 5006 0.05
310 5006 0.05
312 5006 0.05
314 5006 0.05
316 5006 0.05
318 5006 0.05
320 5006 0.05
322 5006 0.05
324 5006 0.05
326 5006 0.05
328 5006 0.05
330 5006 0.05
332 5006 0.05
334 5006 0.05
336 5006 0.05
338 5006 0.05
340 5006 0.05
342 5006 0.05
344 5006 0.05
346 5006 0.05
348 5006 0.05
350 5006 0.05
352 5006 0.05
354 5006 0.05
356 5006 0.05
358 5006 0.05
360 5006 0.05
362 5006 0.05
364 5006 0.05
366 5006 0.05
368 5006 0.05
370 5006 0.05
372 5006 0.05
374 5006 0.05
376 5006 0.05
378 5006 0.05
380 5006 0.05
382 5006 0.05
384 5006 0.05
386 5006 0.05
388 5006 0.05
390 5006 0.05
392 5006 0.05
394 5006 0.05
396 5006 0.05
398 5006 0.05
0 5008 0.05
2 5008 0.05
4 5008 0.05
6 5008 0.05
8 5008 0.05
10 5008 0.05
12 5008 0.05
14 5008 0.05
16 5008 0.05
18 5008 0.05
20 5008 0.05
22 5008 0.05
24 5008 0.05
26 5008 0.05
28 5008 0.05
30 5008 0.05
32 5008 0.05
34 5008 0.05
36 5008 0.05
38 5008 0.05
40 5008 0.05
42 5008 0.05
44 5008 0.05
46 5008 0.05
48 5008 0.05
50 5008 0.05
52 5008 0.05
54 5008 0.05
56 5008 0.05
58 5008 0.05
60 5008 0.05
62 5008 0.05
64 5008 0.05
66 5008 0.05
68 5008 0.05
70 5008 0.05
72 5008 0.05
74 5008 0.05
76 5008 0.05
78 5008 0.05
80 5008 0.05
82 5008 0.05
84 5008 0.05
86 5008 0.05
88 5008 0.05
90 5008 0.05
92 5008 0.05
94 5008 0.05
96 5008 0.05
98 5008 0.05
100 5008 0.05
102 5008 0.05
104 5008 0.05
106 5008 0.05
108 5008 0.05
110 5008 0.05
112 5008 0.05
114 5008 0.05
116 5008 0.05
118 5008 0.05
120 5008 0.05
122 5008 0.05
124 5008 0.05
126 5008 0.05
128 5008 0.05
130 5008 0.05
132 5008 0.05
134 5008 0.05
136 5008 0.05
138 5008 0.05
140 5008 0.05
142 5008 0.05
144 5008 0.05
146 5008 0.05
148 5008 0.05
150 5008 0.05
152 5008 0.05
154 5008 0.05
156 5008 0.05
158 5008 0.05
160 5008 0.05
162 5008 0.05
164 5008 0.05
166 5008 0.05
168 5008 0.05
170 5008 0.05
172 5008 0.05
174 5008 0.05
176 5008 0.05
178 5008 0.05
180 5008 0.05
182 5008 0.05
184 5008 0.05
186 5008 0.05
188 5008 0.05
190 5008 0.05
192 5008 0.05
194 5008 0.05
196 5008 0.05
198 5008 0.05
200 5008 0.05
202 5008 0.05
204 5008 0.05
206 5008 0.05
208 5008 0.05
210 5008 0.05
212 5008 0.05
214 5008 0.05
216 5008 0.05
218 5008 0.05
220 5008 0.05
222 5008 0.05
224 5008 0.05
226 5008 0.05
228 5008 0.05
230 5008 0.05