0 0 0.000001
1000000000 0 0.000001
0 1000000000 0.000001
-1000000000 0 0.000001
0 -1000000000 0.000001
707106781 707106781 0.000001
-707106781 707106781 0.000001
-707106781 -707106781 0.000001
707106781 -707106781 0.000001
2000000000 1500000000 0.000001
-2500000000 1200000000 0.000001
3200000000 -800000000 0.000001
-1800000000 -2300000000 0.000001
4200000000 2600000000 0.000001
-5200000000 3100000000 0.000001
6100000000 -3900000000 0.000001
-7300000000 -4100000000 0.000001
8500000000 4700000000 0.000001
-9600000000 5300000000 0.000001
11000000000 -6000000000 0.000001
-12500000000 -7500000000 0.000001
14000000000 8200000000 0.000001
-15800000000 9100000000 0.000001
17500000000 -9800000000 0.000001
-19200000000 -11000000000 0.000001
21000000000 12500000000 0.000001
-23500000000 13800000000 0.000001
26000000000 -15000000000 0.000001
-29000000000 -16500000000 0.000001
32000000000 18000000000 0.000001
-35500000000 19500000000 0.000001
39000000000 -21000000000 0.000001
-43000000000 -23000000000 0.000001
47000000000 25000000000 0.000001
-51500000000 27000000000 0.000001
56000000000 -29000000000 0.000001
-61500000000 -31500000000 0.000001
67000000000 34000000000 0.000001
-74000000000 36500000000 0.000001
81000000000 -39000000000 0.000001
-89000000000 -42000000000 0.000001
97000000000 45000000000 0.000001
-106000000000 48500000000 0.000001
115000000000 -52000000000 0.000001
-125000000000 -56000000000 0.000001
135000000000 60000000000 0.000001
-146000000000 64500000000 0.000001
158000000000 -69000000000 0.000001
-171000000000 -74000000000 0.000001
-171000000000 -74000000001 0.000001